186
242
116
129
109
88
5
83
262
94
33
214
35
205
72
158
148
207
66
227
4
75
69
192
179
184
16
222
28
155
217
139
8
174
243
134
87
149
209
216
140
133
111
230
142
17
171
193
49
11
126
167
211
14
91
279
115
105
18
64
268
135
190
68
275
169
27
45
42
152
48
147
157
52
204
15
271
20
122
226
55
177
232
124
25
244
121
112
266
82
99
144
57
96
104
19
274
31
117
254
92
106
73
277
65
252
249
176
259
154
30
228
223
170
276
71
118
163
24
213
182
241
212
263
13
90
197
22
125
143
76
175
54
46
200
51
107
235
62
63
141
145
178
253
0
236
98
86
206
110
136
137
202
120
240
12
199
256
67
101
234
60
85
108
79
238
210
183
260
138
224
38
188
78
225
203
132
81
70
264
162
218
161
39
168
198
208
80
6
258
100
150
278
43
151
250
47
29
248
165
221
187
2
196
127
156
231
160
219
103
172
32
114
181
50
123
195
56
255
3
131
1
201
84
21
44
93
130
261
113
10
58
97
265
34
77
246
166
89
41
7
237
59
267
191
229
215
247
26
153
239
180
40
95
220
74
159
270
173
257
37
251
9
233
102
273
119
189
185
23
245
269
61
146
272
36
194
164
128
